1290 4057
28993 4078
29386 4004
6685 5102
8148 4144
8181 4632
8191 2730
6384 2718
9996 5624
9567 7917
30457 6872
30825 6942
31418 6925
1572 5288
3112 3522
4273 3495
5565 3499
6464 3471
5192 3585
4290 3602
3129 3631
9955 6344
10579 6371
11867 6367
12899 6395
14585 6532
13045 6471
12013 6454
11110 6488
5394 4516
6529 2843
8215 2823
9897 5731
11439 7763
9076 8286
8236 5475
7396 5476
16536 3411
16669 4430
32467 4815
33463 5008
33834 4742
34386 7826
35424 7655
27623 8256
27526 6285
28358 4102
29334 4228
29926 3994
30551 7088
31496 6966
2255 3939
14104 6812
6903 2881
8224 2841
9544 5769
9190 5839
8230 2936
7270 2956
20889 5385
1252 5389
32432 4791
4595 4475
23341 8197
15297 8201
35527 7633
11929 7333
8204 2819
8244 4841
33829 4723
17529 3408
26691 6281
8171 4828
8187 2735
6358 3956
9971 6829
19632 4862
24791 7689
19558 4624
24461 7479
5286 4883
11461 7709
29939 4139
11649 7437
4700 4583
9004 7481
7325 4628
29401 4006
30504 6873
6144 4468
10259 7324
13370 7312
3584 4526
33663 4882
34014 7708
22412 8069
21638 5257
28706 5128
31150 7942
3939 4445
12435 7302
13738 7842
2662 5026
18935 4953
25258 7777
6495 4909
9622 7735
30195 7963
29672 5150
4555 3799
11891 6671
13441 6680
2881 3807
7045 4948
9564 7773
33838 4748
33731 4966
33941 7790
33637 4751
34074 7595
16435 4715
27799 7565
34798 8133
33107 5321
30257 7993
29599 5180
465 5065
16058 7881
33286 5307
34539 8119
110 5292
22990 8105
3341 4789
13515 7631
19140 4797
25196 7639
18965 5294
25417 8106
